0.9999997095100216
0.9999998052660125
0.9999998053210087
0.9999998006281549
0.9999998052603923
0.9999998053351711
0.9999998053335564
0.9999998053223639
0.9999998053276206
-0.49550230420182423
0.9999486263602794
0.9999998053355306
0.9999998041371968
0.9999998053162085
0.9999998052037369
0.9999998053298871
0.9999998043089485
0.9999998053329036
0.9999998052698439
0.9999998050950683
0.9999998053145948
0.9999998031367284
0.9999982992771609
0.9999998052893558
0.9999998053250582
0.9995558997757683
0.9999997978159094
0.999999779529506
0.9994251821916835
0.999999798128149
0.9999998052930019
0.999999805226226
0.9999998053271423
0.9999998004235229
0.9999998052986784
0.9999998022428178
0.999999803647233
0.9999998053307567
0.9999376965125703
0.9999998053177301
0.9999996368914237
0.9999998003436988
0.999999805319361
0.9999998053139414
0.9999998033017511
0.9999997987188134
0.9999998053207644
0.999999805226318
0.9999998053110744
0.9999998053322156
0.9999998045124452
0.9999998049298623
0.999999805313648
0.9999998053361225
0.9999998039226081
0.9999996794309041
0.9999997691443535
0.9999998053061246
0.9999998051392166
0.9999998051157861
0.9999998053032735
0.9999998025044463
0.9999997984832211
0.9999997891380998
0.9999998053289918
0.9999998053147202
0.9999998053089557
0.9999997969176
0.9999998052808752
0.9999941145868348
0.9999998053068622
0.9999998052836353
0.9999998053068337
0.9999998053101267
0.9999998047900653
0.9999998052943162
0.9999998053240007
0.9999998036310387
0.9999998048560425
0.9999998047059567
0.9999998046274198
0.9999998051488177
0.9999998019863562
0.9999998048499621
0.9999995918837575
0.9999998050483228
0.9999998053250374
0.9999997994348343
0.9999998036778613
0.9999998052865652
0.9999998044673415
0.999999780424082
0.9999998050006343
0.9999998053119815
-0.3702022490513368
0.9999998025780102
0.999999790017262
0.9999998052836778
0.9870291779980744
0.99999980533168
